**上海对外经贸大学2013年各生源地招生计划（文科）**

专业名称 | 小计 | 上海 | 浙江 | 江苏 | 福建 | 安徽 | 辽宁 | 天津 | 湖南 | 湖北 | 重庆 | 四川 | 河南 | 贵州 |
甘肃 | 江西 | 山东 | 山西 | 河北 | 云南 | 广西 | 陕西 | 黑龙江 | 北京  
---|---|---|---|---|---|---|---|---|---|---|---|---|---|---|---|---|---|---|---|---|---|---|---|---  
国际经济与贸易 | 77 | 55 | 3 | 2 |   | 2 | 2 | 2 |   |   | 2 | 2 | 2 |   |   | 3 |
| 2 |   |   |   |   |   |  
金融学（国际银行业务方向） | 74 | 50 | 2 | 2 |   | 2 | 2 | 2 | 2 |   |   | 2 | 2 |   | 2 |
| 2 |   |   |   | 2 | 2 |   |  
经济学（国际投资方向） | 31 | 20 |   |   |   |   |   |   |   |   | 2 |   | 2 |   |   |
|   |   | 2 | 2 |   |   | 3 |  
保险学 | 8 | 4 |   | 2 |   |   |   |   |   |   |   |   | 2 |   |   |   |   |   |
|   |   |   |   |  
英语 | 23 | 15 |   |   |   |   |   |   |   |   |   | 2 |   | 2 | 2 |   |   |   |
2 |   |   |   |   |  
工商管理类 | 51 | 20 | 2 | 2 | 2 | 3 |   |   |   |   | 2 | 5 | 3 | 2 | 3 |   |   |
|   | 2 | 3 |   | 2 |  
会计学（国际会计方向） | 43 | 25 | 4 | 3 |   | 3 |   |   |   | 2 | 2 |   | 2 |   | 2 |
|   |   |   |   |   |   |   |  
财务管理（国际资产经营方向） | 26 | 8 | 2 | 2 |   | 3 |   |   |   |   |   | 2 | 3 |   |   |
2 | 2 | 2 |   |   |   |   |   |  
金融学（中加合作） | 22 | 10 | 3 | 3 |   | 4 | 2 |   |   |   |   |   |   |   |   |   |
|   |   |   |   |   |   |  
法学（国际经济法方向） | 20 | 5 | 2 |   |   |   |   |   |   |   |   |   | 3 | 2 | 2 |   |
2 |   |   |   | 2 | 2 |   |  
法学（商法方向） | 23 | 5 |   |   | 3 | 2 |   |   | 2 |   |   | 5 |   | 2 |   |   |
| 2 |   |   | 2 |   |   |  
国际政治 | 18 | 2 |   |   |   | 2 |   |   |   |   |   | 2 | 2 |   | 2 |   |   |
| 2 | 2 | 2 |   |   | 2  
汉语国际教育(商务汉语方向） | 18 | 4 | 2 | 2 |   | 3 |   |   |   |   |   |   | 3 |   |   |
2 |   |   |   |   |   | 2 |   |  
英语（国际商务英语方向，中英合作） | 30 | 2 | 8 | 4 |   |   | 2 | 2 | 2 | 2 |   | 2 |   | 2 |
|   |   |   | 2 |   |   |   |   | 2  
法语（商务法语方向） | 20 | 7 | 3 | 3 |   | 3 |   | 2 |   |   |   |   |   |   |   |   |
|   |   |   |   |   | 2 |  
日语（商务日语方向） | 38 | 20 |   |   |   | 4 |   |   |   |   |   |   | 3 | 2 | 2 |   |
| 2 | 3 | 2 |   |   |   |  
商务英语 | 21 | 10 | 2 | 2 |   | 3 |   |   |   |   |   |   | 2 |   | 2 |   |   |
|   |   |   |   |   |  
新闻学（经济新闻报道方向） | 18 | 4 |   |   |   |   |   |   |   |   |   |   | 3 | 2 | 2 |
| 2 | 2 |   |   | 3 |   |   |  
财务管理（中加合作） | 11 | 5 | 2 | 2 |   |   |   |   |   |   |   |   |   |   |   |   |
|   |   |   |   |   |   | 2  
旅游管理 | 14 | 4 |   |   |   | 2 |   |   |   |   |   |   | 2 | 2 |   |   |   |
|   | 2 | 2 |   |   |  
审计学（注册会计师方向） | 40 | 28 | 2 | 2 | 2 |   |   |   | 2 | 2 |   |   |   |   |   |
|   |   |   |   |   | 2 |   |  
物流管理（中澳合作） | 40 | 4 | 9 | 5 | 2 |   | 3 | 3 | 3 | 3 |   |   | 2 |   |   |   |
| 2 | 2 |   |   |   |   | 2  
国际商务（中澳合作） | 34 | 4 | 9 | 4 |   | 5 | 3 | 3 |   |   |   |   | 2 |   |   | 2 |
|   |   |   |   |   | 2 |  
资产评估 | 16 | 10 | 2 |   |   |   |   |   |   |   | 2 |   |   |   |   |   |   | 2
|   |   |   |   |   |  
行政管理 | 22 | 2 |   | 2 | 2 | 3 |   |   |   |   | 2 |   | 3 | 2 | 2 |   |   |
|   | 2 |   |   | 2 |  
会展经济与管理（中德合作） | 23 | 5 | 6 | 6 | 2 |   | 2 | 2 |   |   |   |   |   |   |   |
|   |   |   |   |   |   |   |  
本科合计 | 761 | 328 | 63 | 48 | 13 | 44 | 16 | 16 | 11 | 9 | 12 | 22 | 41 | 18 |
21 | 9 | 8 | 14 | 13 | 12 | 16 | 8 | 11 | 8  
国际经济与贸易专科（中澳合作） | 20 | 10 | 10 |   |   |   |   |   |   |   |   |   |   |   |
|   |   |   |   |   |   |   |   |  
英语专科（国际商务英语方向，中英合作） | 30 | 10 | 20 |   |   |   |   |   |   |   |   |   |   |
|   |   |   |   |   |   |   |   |   |  
专科总计 | 50 | 20 | 30 |   |   |   |   |   |   |   |   |   |   |   |   |   |   |
|   |   |   |   |   |  
注：1.招生计划及有关说明以各省（区/市）高招办公布为准；    2.以上计划包含各类定向、专项计划；
3.工商管理类涵盖工商管理（国际企业管理方向）、市场营销（国际营销方向）、人力资源管理（国际人力资源管理方向）专业，二年级末专业分流。

